readChart(901.52, [[1, 3], 0, 2, 0, 1, 0, 0, 0, 1, 0, 2, 0, 3, 0, 0, 0, 6, 0, 5, 0, 4, 0, 0, 0, 4, 0, 5, 0, 6, 0, 0, 0, 3, 0, 2, 0, 1, 0, 0, 0, 3, 0, 0, 0, 1, 0, 3, 2, 1, 0, 0, 0, 2, 0, 0, 0, 1, 0, 0, 0, 1, 0, 0, 0, [4, 6], 0, 5, 0, 4, 0, 0, 0, 4, 0, 5, 0, 6, 0, 0, 0, 3, 0, 2, 0, 1, 0, 0, 0, 1, 0, 2, 0, 3, 0, 0, 0, 6, 0, 5, 0, 4, 0, 0, 0, 5, 0, 0, 0, 5, 0, 6, 5, 4, 0, 0, 0, 6, 0, 0, 0, 5, 0, 0, 0, 4, 0, 0, 0, [1, 3], 0, 2, 0, 1, 0, 0, 0, 1, 0, 2, 0, 3, 0, 0, 0, 6, 0, 5, 0, 4, 0, 0, 0, 4, 0, 5, 0, 6, 0, 0, 0, [1, 3], 0, 2, 0, 1, 0, 0, 0, 4, 0, 3, 0, 2, 0, 0, 0, [6, 5], 0, 4, 0, 3, 0, 0, 0, 6, 0, 5, 0, 4, 0, 0, 0, [2, 3], 0, 1, 0, 0, 0, [1, 3], 0, 2, 0, 0, 0, [5, 6], 0, 4, 0, 0, 0, [4, 6], 0, 5, 0, 0, 0, [1, 2], 3, ['purple', 2], 1, [2, 3], 0, 0, 0, 
[1, 4], 0, 1, 0, [2, 6], 0, [3, 6], 0, [4, 5], 0, 1, 0, [2, 6], 0, 5, 0, [3, 4], 0, 0, 0, [1, 6], 0, [3, 6], 2, [1, 4, 5], 0, 0, 0, [1, 6], 0, 5, 0, [2, 4], 0, 0, 0, [1, 6], 0, [2, 6], 0, [4, 5], 0, 2, 0, [1, 6], 0, 5, 0, [3, 4], 0, 0, 0, [1, 5], 2, [3, 5], 0, [4, 5], 0, 0, 0, [1, 5], 2, [3, 5], 0,
4, 0, 1, 0, [2, 5], 0, [3, 5], 0, [4, 5], 0, 2, 0, [3, 5], 0, 5, 0, [3, 4], 0, 0, 0, [2, 5], 0, [3, 5], 2, [1, 4, 5], 0, 0, 0, [1, 5], 0, 5, 0, [3, 4], 0, 0, 0, [3, 5], 0, [2, 5], 0, [4, 5], 0, 2, 0, [1, 5], 0, 5, 0, [2, 4], 0, 0, 0, [1, 6], 2, [3, 6], 0, [4, 5], 0, 0, 0, [1, 6], 2, [3, 5], 0, 
4, 0, 1, 0, [2, 6], 0, [3, 6], 0, [4, 5], 0, 2, 0, [3, 6], 0, 5, 0, [3, 4], 0, 0, 0, [1, 6], 0, [3, 6], 2, [1, 4, 5], 0, 0, 0, [3, 6], 0, 5, 0, [2, 4], 0, 0, 0, [1, 6], 0, [2, 6], 0, [4, 5], 0, 2, 0, [1, 6], 0, 5, 0, [2, 4], 0, 0, 0, [1, 5], 2, [3, 5], 0, [4, 5], 0, 0, 0, [1, 5], 2, [3, 5], 0,
4, 0, 1, 0, [2, 5], 0, [3, 5], 0, [4, 5], 0, 2, 0, [3, 5], 0, 5, 0, [3, 4], 0, 0, 0, [1, 5], 0, [3, 5], 2, [1, 4, 5], 0, 0, 0, [1, 5], 0, 5, 0, [1, 2, 3, 4, 5, 6], 0, 0, 0, 2, 0, 3, 2, [1, 6], 0, [3, 6], 0, 0, 0, [1, 6], 0, [2, 6], 0, 0, 0, 0, 0, 0, 0, 0, 0, 0, 0, [1, 2, 3, 4, 5, 6], 0, 0, 0,
4, 0, 1, 0, [2, 6], 0, [3, 6], 0, [4, 5], 0, 2, 0, [3, 6], 0, 5, 0, [3, 4], 0, 0, 0, [1, 6], 0, [3, 6], 2, [1, 4, 5], 0, 0, 0, [1, 6], 0, 5, 0, [2, 4], 0, 0, 0, [1, 6], 0, [2, 6], 0, [4, 5], 0, 3, 0, [2, 6], 0, 5, 0, [3, 4], 0, 0, 0, [1, 5], 2, [3, 5], 0, [4, 5], 0, 0, 0, [1, 5], 2, [3, 5], 0,
4, 0, 1, 0, [2, 5], 0, [3, 5], 0, [4, 5], 0, 2, 0, [3, 5], 0, 5, 0, [3, 4], 0, 0, 0, [1, 5], 0, [3, 5], 2, [1, 4, 5], 0, 0, 0, [1, 5], 0, 5, 0, [3, 4], 0, 0, 0, [3, 5], 0, [2, 5], 0, [4, 5], 0, 2, 0, [1, 5], 0, 5, 0, [2, 4], 0, 0, 0, [1, 6], 2, [3, 6], 0, [4, 5], 0, 0, 0, [1, 6], 2, [3, 5], 0,
4, 0, 1, 0, [2, 6], 0, [3, 6], 0, [4, 5], 0, 1, 0, [2, 6], 0, 5, 0, [3, 4], 0, 0, 0, [1, 6], 0, [3, 6], 2, [1, 4, 5], 0, 0, 0, [2, 6], 0, 5, 0, [3, 4], 0, 0, 0, [1, 6], 0, [3, 6], 0, [4, 5], 0, 2, 0, [1, 6], 0, 5, 0, [2, 4], 0, 0, 0, [1, 5], 2, [3, 5], 0, [4, 5], 0, 0, 0, [1, 5], 2, [3, 5], 0,
[3, 4], 0, [2, 4], 0, [1, 4, 6], 0, 4, 0, [3, 5, 6], 0, [2, 4], 0, [1, 5, 6], 0, 0, 0, [3, 4], 0, [2, 5], 0, [1, 4, 6], 0, 4, 0, [3, 5, 6], 0, [2, 4], 0, [1, 5, 6], 0, ['notpurple'], 0, [2, 3], 0, 1, 0, 0, 0, [1, 3], 0, 1, 0, 0, 0, [4, 6], 0, 5, 0, 0, 0, [5, 6], 0, 1, 0, ['purple'], 0, [1, 2], 3, 1, 2, [1, 3], 0, 0, 0, 
[1, 4, 5, 6], 0, 0, 0, 0, 0, 0, 0, 6, 0, 0, 0, ['2h11.5', 6], 0, 0, 0, 0, 0, 0, 0, 0, 0, 0, 0, ['3h7.5', 6], 0, 0, 0, 0, 0, 2, 1, ['2h7.5', 4, 5], 0, 0, 0, [4, 6], 0, 0, 0, ['1h7.5', 4, 5], 0, 0, 0, [4, 6], 0, 0, 0, ['3h7.5', 4, 5], 0, 0, 0, [4, 6], 0, 0, 0, ['2h7.5', 4, 5], 0, 0, 0, [4, 6], 0, 0, 0,
['1h11.5', 4, 5, 6], 0, 0, 0, 0, 0, 0, 0, 6, 0, 0, 0, ['2h11.5', 6], 0, 0, 0, 0, 0, 0, 0, 0, 0, 0, 0, ['3h7.5', 6], 0, 0, 0, 0, 0, 1, 2, ['1h7.5', 4, 6], 0, 0, 0, [5, 6], 0, 0, 0, ['2h7.5', 4, 6], 0, 0, 0, [5, 6], 0, 0, 0, ['3h15.5', 4, 6], 0, 0, 0, [5, 6], 0, 0, 0, [4, 6], 0, 0, 0, [5, 6], 0, 0, 0,
['1h11.5', 4, 5, 6], 0, 0, 0, 0, 0, 0, 0, 6, 0, 0, 0, ['2h11.5', 6], 0, 0, 0, 0, 0, 0, 0, 0, 0, 0, 0, ['3h7.5', 6], 0, 0, 0, 0, 0, 2, 1, ['2h7.5', 4, 5], 0, 0, 0, [4, 6], 0, 0, 0, ['1h7.5', 4, 5], 0, 0, 0, [4, 6], 0, 0, 0, ['3h7.5', 4, 5], 0, 0, 0, [4, 6], 0, 0, 0, ['2h7.5', 4, 5], 0, 0, 0, [4, 6], 0, 0, 0,
['3h7.5', 4, 5, 6], 0, 0, 0, 0, 0, 0, 0, ['1h7.5', 6], 0, 0, 0, 6, 0, 0, 0, ['2h7.5'], 0, 0, 0, 0, 0, 0, 0, ['3h7.5', 6], 0, 0, 0, 0, 0, 0, 0, ['6h15.5', 1], 0, 0, 0, [2, 5], 0, 5, 0, [1, 2, 3], 0, 0, 0, [4, 5], 0, 3, 4, ['3h15.5'], 0, 0, 0, 4, 0, 4, 0, [1, 2, 5], 0, 0, 0, [4, 6], 0, 0, 0,
['1h11.5'], 0, 0, 0, 6, 0, 6, 0, [4, 5], 0, 0, 0, ['2h11.5', 6], 0, 5, 0, 4, 0, 0, 0, ['4h3.5', 6], 0, 6, 0, ['3h3.5', '5h3.5', 1], 0, 0, 0, ['6h3.5', 4], 0, 3, [1, 2, 4], [3, 5], ['2h5.5', '4h29.5'], 0, 6, 0, 6, 0, ['1h7.5', 3, 5], 0, 0, 0, 6, 0, 5, 0, ['3h7.5', 2], 0, 0, 0, 6, 0, 6, 0, ['2h7.5', 1, 5], 0, 0, 0, 6, 0, 5, 0,
['1h11.5'], 0, 0, 0, 6, 0, 6, 0, [4, 5], 0, 0, 0, ['2h11.5', 6], 0, 5, 0, 4, 0, 0, 0, ['6h3.5', 5], 0, 5, 0, ['3h7.5', '5h3.5', 1, 4], 0, 0, 0, ['4h3.5', 6], 0, [1, 5], [2, 6], ['1h7.5', '5h31.5'], 0, 0, 0, 6, 0, 6, 0, [2, '3h7.5', 4], 0, 0, 0, 6, 0, 4, 0, [2, '4h15.5'], 0, 0, 0, 6, 0, 6, 0, [2, 3], 0, 0, 0, 6, 0, 3, 0,
['1h11.5', 2], 0, 0, 0, 6, 0, 6, 0, [4, 5], 0, 0, 0, ['2h11.5', 6], 0, 5, 0, 4, 0, 0, 0, ['4h3.5', 6], 0, 6, 0, ['3h7.5', '5h3.5', 1, 6], 0, 0, 0, ['6h3.5', 4], 0, [1, 4], [2, 5], ['1h7.5', '4h19.5'], 0, 0, 0, 6, 0, 6, 0, ['2h7.5', 3, 5], 0, 0, 0, 6, 0, 5, 0, [1, '3h7.5'], 0, 0, 0, ['6h3.5', 5], 0, 5, 0, ['5h3.5', '2h7.5', 1, 6], 0, 0, 0, ['4h3.5', 6], 0, 5, 0,
['3h7.5', '5h15.5', 1], 0, 0, 0, 6, 0, 6, 0, ['1h7.5', 2, 4], 0, 0, 0, 6, 0, 4, 0, ['2h7.5', '4h7.5', 3], 0, 0, 0, 6, 0, 6, 0, ['3h7.5', '6h1.5', 1, 5], 0, ['5h1.5'], 0, [4, '6h1.5'], 0, [2, '5h1.5'], 0, ['2h23.5', '4h23.5', 1, 6], 0, 0, 0, 6, 0, 6, 0, 5, 0, 0, 0, 6, 0, 0, 0, 5, 0, 0, 0, 6, 0, 6, 0, 6, 0, 0, 0, [1, 6], 0, ['notpurple'],
[1, 3], 0, 2, 0, 1, 0, 0, 0, 1, 0, 2, 0, 3, 0, 0, 0, 6, 0, 5, 0, 4, 0, 0, 0, 4, 0, 5, 0, 6, 0, 0, 0, 3, 0, 2, 0, 1, 0, 0, 0, 3, 0, 0, 0, 1, 0, 3, 2, 1, 0, 0, 0, 2, 0, 0, 0, 1, 0, 0, 0, 1, 0, 0, 0, [4, 6], 0, 5, 0, 4, 0, 0, 0, 4, 0, 5, 0, 6, 0, 0, 0, 3, 0, 2, 0, 1, 0, 0, 0, 1, 0, 2, 0, 3, 0, 0, 0, 6, 0, 5, 0, 4, 0, 0, 0, 5, 0, 0, 0, 5, 0, 6, 5, 4, 0, 0, 0, 6, 0, 0, 0, 5, 0, 0, 0, 4, 0, 0, 0, [1, 3], 0, 2, 0, 1, 0, 0, 0, 1, 0, 2, 0, 3, 0, 0, 0, 6, 0, 5, 0, 4, 0, 0, 0, 4, 0, 5, 0, 6, 0, 0, 0, [1, 3], 0, 2, 0, 1, 0, 0, 0, 4, 0, 3, 0, 2, 0, 0, 0, [6, 5], 0, 4, 0, 3, 0, 0, 0, 6, 0, 5, 0, 4, 0, 0, 0, [1, 3], 0, 2, 0, 0, 0, [4, 6], 0, 5, 0, 0, 0, [2, 3], 0, 1, 0, 0, 0, [5, 6], 0, ['purple', 4], 0, 0, 0, [1, 2, 3], 6, 5, 4, [5, 6], 0, 3, 0, 
[1, 4], 0, 1, 0, [2, 6], 0, [3, 6], 0, [4, 5], 0, 1, 0, [2, 6], 0, 5, 0, [3, 4], 0, 0, 0, [1, 6], 0, [3, 6], 2, [1, 4, 5], 0, 0, 0, [1, 6], 0, 5, 0, [2, 4], 0, 0, 0, [1, 6], 0, [2, 6], 0, [4, 5], 0, 2, 0, [1, 6], 0, 5, 0, [3, 4], 0, 0, 0, [1, 5], 2, [3, 5], 0, [4, 5], 0, 0, 0, [1, 5], 2, [3, 5], 0,
4, 0, 1, 0, [2, 5], 0, [3, 5], 0, [4, 5], 0, 2, 0, [3, 5], 0, 5, 0, [3, 4], 0, 0, 0, [2, 5], 0, [3, 5], 2, [1, 4, 5], 0, 0, 0, [1, 5], 0, 5, 0, [3, 4], 0, 0, 0, [3, 5], 0, [2, 5], 0, [4, 5], 0, 2, 0, [1, 5], 0, 5, 0, [2, 4], 0, 0, 0, [1, 6], 2, [3, 6], 0, [4, 5], 0, 0, 0, [1, 6], 2, [3, 5], 0, 
4, 0, 1, 0, [2, 6], 0, [3, 6], 0, [4, 5], 0, 2, 0, [3, 6], 0, 5, 0, [3, 4], 0, 0, 0, [1, 6], 0, [3, 6], 2, [1, 4, 5], 0, 0, 0, [3, 6], 0, 5, 0, [2, 4], 0, 0, 0, [1, 6], 0, [2, 6], 0, [4, 5], 0, 2, 0, [1, 6], 0, 5, 0, [2, 4], 0, 0, 0, [1, 5], 2, [3, 5], 0, [4, 5], 0, 0, 0, [1, 5], 2, [3, 5], 0,
4, 0, 1, 0, [2, 5], 0, [3, 5], 0, [4, 5], 0, 2, 0, [3, 5], 0, 5, 0, [3, 4], 0, 0, 0, [1, 5], 0, [3, 5], 2, [1, 4, 5], 0, 0, 0, [1, 5], 0, 5, 0, [1, 2, 3, 4, 5, 6], 0, 0, 0, 2, 0, 3, 2, [1, 6], 0, [3, 6], 0, 0, 0, [1, 6], 0, [2, 6], 0, 0, 0, 0, 0, 0, 0, 0, 0, 0, 0, [1, 2, 3, 4, 5, 6], 0, 0, 0,
4, 0, 1, 0, [2, 6], 0, [3, 6], 0, [4, 5], 0, 2, 0, [3, 6], 0, 5, 0, [3, 4], 0, 0, 0, [1, 6], 0, [3, 6], 2, [1, 4, 5], 0, 0, 0, [1, 6], 0, 5, 0, [2, 4], 0, 0, 0, [1, 6], 0, [2, 6], 0, [4, 5], 0, 3, 0, [2, 6], 0, 5, 0, [3, 4], 0, 0, 0, [1, 5], 2, [3, 5], 0, [4, 5], 0, 0, 0, [1, 5], 2, [3, 5], 0,
4, 0, 1, 0, [2, 5], 0, [3, 5], 0, [4, 5], 0, 2, 0, [3, 5], 0, 5, 0, [3, 4], 0, 0, 0, [1, 5], 0, [3, 5], 2, [1, 4, 5], 0, 0, 0, [1, 5], 0, 5, 0, [3, 4], 0, 0, 0, [3, 5], 0, [2, 5], 0, [4, 5], 0, 2, 0, [1, 5], 0, 5, 0, [2, 4], 0, 0, 0, [1, 6], 2, [3, 6], 0, [4, 5], 0, 0, 0, [1, 6], 2, [3, 5], 0,
4, 0, 1, 0, [2, 6], 0, [3, 6], 0, [4, 5], 0, 1, 0, [2, 6], 0, 5, 0, [3, 4], 0, 0, 0, [1, 6], 0, [3, 6], 2, [1, 4, 5], 0, 0, 0, [2, 6], 0, 5, 0, [3, 4], 0, 0, 0, [1, 6], 0, [3, 6], 0, [4, 5], 0, 2, 0, [1, 6], 0, 5, 0, [2, 4], 0, 0, 0, [1, 5], 2, [3, 5], 0, [4, 5], 0, 0, 0, [1, 5], 2, [3, 5], 0,
[3, 4], 0, [2, 4], 0, [1, 4, 6], 0, 4, 0, [3, 5, 6], 0, [2, 4], 0, [1, 5, 6], 0, 0, 0, [3, 4], 0, [2, 5], 0, [1, 4, 6], 0, 4, 0, [3, 5, 6], 0, [2, 4], 0, [1, 5, 6], 0, ['notpurple'], 0, [2, 3], 0, 1, 0, 0, 0, [1, 3], 0, 1, 0, 0, 0, [4, 6], 0, 5, 0, 0, 0, [5, 6], 0, 1, 0, ['purple'], 0, [1, 2], 3, 1, 2, [3, 4, 5, 6], 0, 0, 0, 
], 'Boo_NES.mp3')